14,1,3,2,4
16,4
14,16,2
14,1,3,4
15,3
16,1,3
14,2,6
14,2
14,1,7
1,5,4
14,1,5,4
14,6
15,3,2
14,1,5
15,14,3
14,1,2,7
3,2,5,4
3,5,4
1,2,7
1,3,2,6
14,1,2,5
2,4,6
3
14,1,3
1
16,2
15,1,2
5
14,1,3,6
7
1,5
1,3,2
1,2,5
3,5
2,4
14,3,2,5
3,7
14,1,2,5,4
14,1,3,2,6
1,3,4
15,1,3,5
14,16
3,2,5
16,1,3,2
15,1,6
15,1
17,1,2
14,3,5
15,14,1,4
1,3,6
14,4
14,16,1,3
14,1,3,2
14,2,4
15,5
15,1,4
15,14,1,2
4,6
15,2,5
15,14,1
15
17
15,3,2,4
1,3
15,14,1,2,4
1,7
15,3,4
15,14,5
15,14,3,2
2,6
1,3,2,4
15,14,3,4
17,1
15,1,2,4
1,2,5,4
14,1,2,4
14,3,2
15,14,4
3,2,6
15,14
14,16,3
1,6
14,16,1,2
16,1,4
14,5,4
16,1
14,2,7
2,7
14,3,2,4
14,1,6
1,2
14,16,1
15,1,2,5
3,4
2,5,4
1,2,4,6
14,2,5
15,1,3,2
14,1,4
5,4
15,14,1,5
3,2
14,3
1,2,6
15,1,3,2,4
14,1,2,6
15,6
2
15,14,2,4
14,1,2
6
14,7
15,14,1,3
1,3,2,5,4
4
17,2
15,14,1,3,4
16,1,2
14,1,3,2,5
1,3,5
16,3
15,14,1,3,2
3,2,4
1,3,2,5
1,4
14,2,5,4
15,1,3
14,3,4
1,3,7
2,5
1,2,4
14,1,3,5
1,4,6
3,6
15,1,5
15,2
14
14,3,6
14,1
14,3,2,6
16
16,3,2
1,3,5,4
14,5
15,2,4
15,14,2
15,1,3,4
15,3,5
15,4
